# lambda [ang], diel_real, diel_imag
3820.0 -3.49669e+00 1.87061e-01
3822.5 -3.50882e+00 1.87385e-01
3825.0 -3.52097e+00 1.87709e-01
3827.5 -3.53315e+00 1.88033e-01
3830.0 -3.54534e+00 1.88357e-01
3832.5 -3.55756e+00 1.88681e-01
3835.0 -3.56979e+00 1.89005e-01
3837.5 -3.58205e+00 1.89329e-01
3840.0 -3.59433e+00 1.89653e-01
3842.5 -3.60663e+00 1.89977e-01
3845.0 -3.61895e+00 1.90301e-01
3847.5 -3.63129e+00 1.90625e-01
3850.0 -3.64365e+00 1.90949e-01
3852.5 -3.65604e+00 1.91273e-01
3855.0 -3.66844e+00 1.91597e-01
3857.5 -3.68087e+00 1.91921e-01
3860.0 -3.69332e+00 1.92245e-01
3862.5 -3.70578e+00 1.92569e-01
3865.0 -3.71827e+00 1.92893e-01
3867.5 -3.73078e+00 1.93217e-01
3870.0 -3.74331e+00 1.93541e-01
