# lambda [ang], diel_real, diel_imag
3820.0 1.79678e+00 8.15202e-09
3822.5 1.79673e+00 8.10793e-09
3825.0 1.79667e+00 8.06385e-09
3827.5 1.79662e+00 8.01976e-09
3830.0 1.79656e+00 7.97568e-09
3832.5 1.79651e+00 7.93160e-09
3835.0 1.79646e+00 7.88752e-09
3837.5 1.79640e+00 7.84344e-09
3840.0 1.79635e+00 7.79936e-09
3842.5 1.79630e+00 7.75528e-09
3845.0 1.79624e+00 7.71120e-09
3847.5 1.79619e+00 7.66713e-09
3850.0 1.79614e+00 7.62306e-09
3852.5 1.79608e+00 7.57899e-09
3855.0 1.79603e+00 7.53492e-09
3857.5 1.79598e+00 7.49085e-09
3860.0 1.79592e+00 7.44678e-09
3862.5 1.79587e+00 7.40271e-09
3865.0 1.79581e+00 7.35865e-09
3867.5 1.79576e+00 7.31458e-09
3870.0 1.79571e+00 7.27052e-09
