# lambda [ang], diel_real, diel_imag
3700.0 1.79935e+00 1.09995e-08
3705.0 1.79925e+00 1.08382e-08
3710.0 1.79914e+00 1.06769e-08
3715.0 1.79903e+00 1.05156e-08
3720.0 1.79892e+00 1.03544e-08
3725.0 1.79882e+00 1.01931e-08
3730.0 1.79871e+00 1.00319e-08
3735.0 1.79860e+00 9.87064e-09
3740.0 1.79850e+00 9.70942e-09
3745.0 1.79839e+00 9.54820e-09
3750.0 1.79828e+00 9.38700e-09
3755.0 1.79817e+00 9.29875e-09
3760.0 1.79807e+00 9.21051e-09
3765.0 1.79796e+00 9.12227e-09
3770.0 1.79785e+00 9.03404e-09
3775.0 1.79774e+00 8.94582e-09
3780.0 1.79764e+00 8.85760e-09
3785.0 1.79753e+00 8.76938e-09
3790.0 1.79742e+00 8.68117e-09
3795.0 1.79732e+00 8.59297e-09
3800.0 1.79721e+00 8.50477e-09
3805.0 1.79710e+00 8.41657e-09
3810.0 1.79699e+00 8.32838e-09
3815.0 1.79689e+00 8.24020e-09
3820.0 1.79678e+00 8.15202e-09
3825.0 1.79667e+00 8.06385e-09
3830.0 1.79656e+00 7.97568e-09
3835.0 1.79646e+00 7.88752e-09
3840.0 1.79635e+00 7.79936e-09
3845.0 1.79624e+00 7.71120e-09
3850.0 1.79614e+00 7.62306e-09
3855.0 1.79603e+00 7.53492e-09
3860.0 1.79592e+00 7.44678e-09
3865.0 1.79581e+00 7.35865e-09
3870.0 1.79571e+00 7.27052e-09
3875.0 1.79560e+00 7.18240e-09
3880.0 1.79549e+00 7.09428e-09
3885.0 1.79539e+00 7.00617e-09
3890.0 1.79528e+00 6.91807e-09
3895.0 1.79517e+00 6.82997e-09
3900.0 1.79506e+00 6.74187e-09
3905.0 1.79496e+00 6.65378e-09
3910.0 1.79485e+00 6.56570e-09
3915.0 1.79474e+00 6.47762e-09
3920.0 1.79464e+00 6.38955e-09
3925.0 1.79453e+00 6.30148e-09
3930.0 1.79442e+00 6.21342e-09
3935.0 1.79431e+00 6.12536e-09
3940.0 1.79421e+00 6.03730e-09
3945.0 1.79410e+00 5.94926e-09
3950.0 1.79399e+00 5.86121e-09
3955.0 1.79389e+00 5.77318e-09
3960.0 1.79378e+00 5.68515e-09
3965.0 1.79367e+00 5.59712e-09
3970.0 1.79356e+00 5.50910e-09
3975.0 1.79346e+00 5.42108e-09
3980.0 1.79335e+00 5.33307e-09
3985.0 1.79324e+00 5.24507e-09
3990.0 1.79314e+00 5.15706e-09
3995.0 1.79303e+00 5.06907e-09
4000.0 1.79292e+00 4.98108e-09
