# lambda [ang], diel_real, diel_imag
3700.0 -2.84795e+00 2.26032e-01
3705.0 -2.87385e+00 2.24554e-01
3710.0 -2.89985e+00 2.23054e-01
3715.0 -2.92598e+00 2.21531e-01
3720.0 -2.95221e+00 2.19985e-01
3725.0 -2.97857e+00 2.18417e-01
3730.0 -3.00503e+00 2.16827e-01
3735.0 -3.03162e+00 2.15214e-01
3740.0 -3.05831e+00 2.13579e-01
3745.0 -3.08513e+00 2.11922e-01
3750.0 -3.11205e+00 2.10242e-01
3755.0 -3.13909e+00 2.08539e-01
3760.0 -3.16625e+00 2.06814e-01
3765.0 -3.19352e+00 2.05067e-01
3770.0 -3.22091e+00 2.03297e-01
3775.0 -3.24841e+00 2.01505e-01
3780.0 -3.27603e+00 1.99690e-01
3785.0 -3.30376e+00 1.97853e-01
3790.0 -3.33161e+00 1.95994e-01
3795.0 -3.35957e+00 1.94112e-01
3800.0 -3.38765e+00 1.92207e-01
3805.0 -3.41584e+00 1.90281e-01
3810.0 -3.44415e+00 1.88331e-01
3815.0 -3.47249e+00 1.86413e-01
3820.0 -3.49669e+00 1.87061e-01
3825.0 -3.52097e+00 1.87709e-01
3830.0 -3.54534e+00 1.88357e-01
3835.0 -3.56979e+00 1.89005e-01
3840.0 -3.59433e+00 1.89653e-01
3845.0 -3.61895e+00 1.90301e-01
3850.0 -3.64365e+00 1.90949e-01
3855.0 -3.66844e+00 1.91597e-01
3860.0 -3.69332e+00 1.92245e-01
3865.0 -3.71827e+00 1.92893e-01
3870.0 -3.74331e+00 1.93541e-01
3875.0 -3.76844e+00 1.94189e-01
3880.0 -3.79365e+00 1.94837e-01
3885.0 -3.81894e+00 1.95485e-01
3890.0 -3.84431e+00 1.96133e-01
3895.0 -3.86977e+00 1.96781e-01
3900.0 -3.89532e+00 1.97429e-01
3905.0 -3.92095e+00 1.98077e-01
3910.0 -3.94666e+00 1.98725e-01
3915.0 -3.97245e+00 1.99373e-01
3920.0 -3.99833e+00 2.00021e-01
3925.0 -4.02430e+00 2.00669e-01
3930.0 -4.05035e+00 2.01317e-01
3935.0 -4.07648e+00 2.01965e-01
3940.0 -4.10270e+00 2.02613e-01
3945.0 -4.12900e+00 2.03261e-01
3950.0 -4.15538e+00 2.03909e-01
3955.0 -4.18185e+00 2.04557e-01
3960.0 -4.20840e+00 2.05205e-01
3965.0 -4.23504e+00 2.05853e-01
3970.0 -4.26176e+00 2.06501e-01
3975.0 -4.28853e+00 2.07148e-01
3980.0 -4.31529e+00 2.07793e-01
3985.0 -4.34213e+00 2.08438e-01
3990.0 -4.36905e+00 2.09083e-01
3995.0 -4.39606e+00 2.09727e-01
4000.0 -4.42315e+00 2.10372e-01
