# lambda [ang], Cext, Cext_analytical
370.00000 290.08821 290.90294 
370.50000 307.33769 308.22915 
371.00000 326.35424 327.33281 
371.50000 347.40225 348.48021 
372.00000 370.75418 371.94589 
372.50000 396.77740 398.09995 
373.00000 425.90183 427.37565 
373.50000 458.65674 460.30642 
374.00000 495.59482 497.44965 
374.50000 537.56609 539.66216 
375.00000 585.41463 587.79546 
375.50000 640.31734 643.02730 
376.00000 703.61756 706.73033 
376.50000 777.12788 780.72479 
377.00000 863.00695 867.18856 
377.50000 963.93931 968.82976 
378.00000 1083.26253 1089.01425 
378.50000 1225.29831 1232.09727 
379.00000 1395.16224 1403.22828 
379.50000 1598.72973 1608.30818 
380.00000 1843.14855 1854.47436 
380.50000 2134.80371 2148.07223 
381.00000 2478.16529 2493.36436 
381.50000 2869.23070 2885.90020 
382.00000 3206.74518 3223.28561 
382.50000 3526.63813 3541.45286 
383.00000 3792.34920 3803.46739 
383.50000 3963.70964 3969.28858 
384.00000 4010.09400 4009.07637 
384.50000 3921.82872 3914.42311 
385.00000 3715.52630 3703.11059 
385.50000 3425.70348 3410.23496 
386.00000 3092.85612 3076.23257 
386.50000 2751.83957 2735.49383 
387.00000 2426.40773 2411.21524 
387.50000 2129.17045 2115.54985 
388.00000 1865.75822 1853.81750 
388.50000 1636.59711 1626.26583 
389.00000 1438.90563 1430.03133 
389.50000 1269.29842 1261.70476 
390.00000 1124.03304 1117.53192 
390.50000 999.67144 994.09614 
391.00000 892.79029 887.99643 
391.50000 800.72760 796.59133 
392.00000 721.16868 717.58563 
392.50000 652.02402 648.90794 
393.00000 591.75864 589.03727 
393.50000 539.01063 536.62401 
394.00000 492.67030 490.56850 
394.50000 451.73966 449.88147 
395.00000 415.47733 413.82815 
395.50000 383.24325 381.77405 
396.00000 354.44711 353.13370 
396.50000 328.64659 327.46851 
397.00000 305.46176 304.40199 
397.50000 284.60037 283.64354 
398.00000 265.77664 264.91002 
398.50000 248.69953 247.91242 
399.00000 233.17782 232.46097 
399.50000 219.00225 218.34781 
400.00000 206.04282 205.44392 
