# lambda [Ang], refrac_index_real, refrac_index_imag
1878.5484454 1.07 1.212
1916.2936228 1.1  1.232
1952.5070456 1.12 1.255
1993.3150706 1.14 1.277
2032.5278261 1.15 1.296
2073.3143377 1.18 1.312
2119.3879896 1.2  1.325
2163.7730784 1.22 1.336
2214.0035249 1.25 1.342
2262.4853539 1.26 1.344
2313.1380111 1.28 1.357
2370.6347494 1.28 1.367
2426.3052328 1.3  1.378
2489.6425179 1.31 1.389
2551.1151727 1.33 1.393
2615.700367  1.35 1.387
2689.4619825 1.38 1.372
2761.3406992 1.41 1.331
2843.6742521 1.41 1.264
2924.1555989 1.39 1.161
3009.3251795 1.34 0.964
3107.3733683 1.13 0.616
3203.7260308 0.81 0.392
3315.0854918 0.17 0.829
3424.9778286 0.14 1.142
3542.4056398 0.1  1.419
3679.0563025 0.07 1.657
3814.8983813 0.05 1.864
3973.8524806 0.05 2.07
4132.8065798 0.05 2.275
4305.0068539 0.04 2.462
4508.5162689 0.04 2.657
4714.2280378 0.05 2.869
4959.3678957 0.05 3.093
5209.4200586 0.05 3.324
5486.0264333 0.06 3.586
5820.8543377 0.05 3.858
6168.3680295 0.06 4.152
6594.9041167 0.05 4.483
7044.5566701 0.04 4.838
7560.0120362 0.03 5.242
8210.8739996 0.04 5.727
8919.7264312 0.04 6.312
9840.0156662 0.04 6.992
10875.8067889 0.04 7.795
12155.31347   0.09 8.828
13930.8086959 0.13 10.1
16101.8438174 0.15 11.85
19372.5308428 0.24 14.08

