# energy [eV], refrac_index_real, refrac_index_imag
6.60 1.070 1.212
6.47 1.100 1.232
6.35 1.120 1.255
6.22 1.140 1.277
6.10 1.150 1.296
5.98 1.180 1.312
5.85 1.200 1.325
5.73 1.220 1.336
5.60 1.250 1.342
5.48 1.260 1.344
5.36 1.280 1.357
5.23 1.280 1.367
5.11 1.300 1.378
4.98 1.310 1.389
4.86 1.330 1.393
4.74 1.350 1.387
4.61 1.380 1.372
4.49 1.410 1.331
4.36 1.410 1.264
4.24 1.390 1.161
4.12 1.340 0.964
3.99 1.130 0.616
3.87 0.810 0.392
3.74 0.170 0.829
3.62 0.140 1.142
3.50 0.100 1.419
3.37 0.070 1.657
3.25 0.050 1.864
3.12 0.050 2.070
3.00 0.050 2.275
2.88 0.040 2.462
2.75 0.040 2.657
2.63 0.050 2.869
2.50 0.050 3.093
2.38 0.050 3.324
2.26 0.060 3.586
2.13 0.050 3.858
2.01 0.060 4.152
1.88 0.050 4.483
1.76 0.040 4.838
1.64 0.030 5.242
1.51 0.040 5.727
1.39 0.040 6.312
1.26 0.040 6.992
1.14 0.040 7.795
1.02 0.090 8.828
0.89 0.130 10.100
0.77 0.150 11.850
0.64 0.240 14.080
