# lambda [nm], diel_prot_real, diel_prot_imag
3820.0 2.75069e+00 2.84232e-01
3822.5 2.75060e+00 2.84010e-01
3825.0 2.75051e+00 2.83788e-01
3827.5 2.75042e+00 2.83567e-01
3830.0 2.75033e+00 2.83346e-01
3832.5 2.75023e+00 2.83125e-01
3835.0 2.75014e+00 2.82905e-01
3837.5 2.75005e+00 2.82685e-01
3840.0 2.74996e+00 2.82466e-01
3842.5 2.74987e+00 2.82246e-01
3845.0 2.74978e+00 2.82027e-01
3847.5 2.74969e+00 2.81809e-01
3850.0 2.74960e+00 2.81591e-01
3852.5 2.74951e+00 2.81373e-01
3855.0 2.74942e+00 2.81156e-01
3857.5 2.74933e+00 2.80939e-01
3860.0 2.74924e+00 2.80722e-01
3862.5 2.74915e+00 2.80506e-01
3865.0 2.74907e+00 2.80290e-01
3867.5 2.74898e+00 2.80074e-01
3870.0 2.74889e+00 2.79859e-01
