#lambda [Ang], refrac_index_real, refrac_index_imag
2000   1.396   1.10E-7
2250   1.373   4.90E-8
2500   1.362   3.35E-8
2750   1.354   2.35E-8
3000   1.349   1.60E-8
3250   1.346   1.08E-8
3500   1.343   6.50E-9
3750   1.341   3.50E-9
4000   1.339   1.86E-9
4250   1.338   1.30E-9
4500   1.337   1.02E-9
4750   1.336   9.35E-10
5000   1.335   1.00E-9
5250   1.334   1.32E-9
5500   1.333   1.96E-9
5750   1.333   3.60E-9
6000   1.332   1.09E-8
6250   1.332   1.39E-8
6500   1.331   1.64E-8
6750   1.331   2.23E-8
7000   1.331   3.35E-8
7250   1.330   9.15E-8
7500   1.330   1.56E-7
7750   1.330   1.48E-7
8000   1.329   1.25E-7
8250   1.329   1.82E-7
8500   1.329   2.93E-7
8750   1.328   3.91E-7
9000   1.328   4.86E-7
9250   1.328   1.06E-6
9500   1.327   2.93E-6
9750   1.327   3.48E-6
10000  1.327   2.89E-6
12000  1.324   9.89E-6
14000  1.321   1.38E-4
16000  1.317   8.55E-5
18000  1.312   1.15E-4
20000  1.306   1.10E-3
